76561197970825215
76561197973701057
76561198124872187
76561197993312863
76561198019009765
76561198008797636
76561198094227663
76561198044596404
76561198313790296
76561197990233857
76561197995070100
76561198037809069
76561197978640923
76561198842864763
76561198044387084
76561198096081579
76561198150467988
76561198256917957
76561199492215670
76561198396723427
76561197972951657
76561197997477460
76561197963534359
76561198158932704
76561198082995144
76561198077248235
76561198152618007
76561197979911851
76561198119667710
76561198139084236
76561198027214426
76561198281128349
76561198015992850
76561197960366517
76561198043532513
76561198294806446
76561197982718230
76561198417144062
76561198037867621
76561198028011423
76561197963550511
76561198217186687
76561197966617426
76561198072361453
76561199187733000
76561198413266831
76561198152760885
76561198061393233
76561198093753361
76561198017975643
76561198040421250
76561197992133229
76561198028121353
76561197972378106
76561198063574735
76561198104323854
76561197965978376
76561198842603734
76561197994616562
76561198045455280
76561197976597747
76561198839032966
76561199080934614
76561198097945516
76561198171791210
76561198015514779
76561198077213101
76561198062901118
76561198017902347
76561197971011821
76561198095049646
76561198035865245
76561197962473290
76561197969810632
76561197976968076
76561198367471798
76561198085238363
76561198051887711
76561198333322621
76561197996432822
76561198019712127
76561197971026489
76561198121398682
76561197974742349
76561198355625888
76561198054210948
76561198031837797
76561197993544755
76561198025858988
76561198020125851
76561198001221571
76561198063728345
76561198109083829
76561198122859224
76561198048373585
76561197969050296
76561198326510209
76561197979667190
76561197995008105
76561197968410781
